Light Intensity, Ch A vs Angular Position, Ch 1&2, Run #11
Angular Position, Ch 1&2 ( deg )	Light Intensity, Ch A ( % max )
-0.3	0.1
-0.3	0.1
-0.3	0.1
-0.3	0.1
-0.3	0.1
-0.3	0.1
-0.3	0.1
-0.3	0.1
-0.3	0.1
0.0	0.1
0.0	0.1
0.0	0.1
0.0	0.1
0.0	0.1
0.0	0.1
0.0	0.1
0.0	0.1
0.0	0.1
0.0	0.1
0.0	0.1
0.0	0.1
0.0	0.1
0.0	0.1
0.0	0.1
0.0	0.1
0.0	0.1
0.0	0.1
0.0	0.1
0.0	0.1
0.0	0.1
0.0	0.1
0.0	0.1
0.0	0.1
0.0	0.1
0.0	0.1
0.0	0.2
0.0	0.1
-0.3	0.1
-0.5	0.1
-2.7	0.1
-6.7	0.1
-12.7	0.1
-20.8	0.1
-30.3	0.1
-43.5	0.1
-55.0	0.1
-63.5	0.1
-73.7	0.1
-81.8	0.1
-93.5	0.1
-107.0	0.1
-114.5	0.1
-131.0	0.1
-153.5	0.1
-176.2	0.1
-195.2	0.1
-208.8	0.1
-221.8	0.1
-236.0	0.1
-254.0	0.1
-275.5	0.1
-292.5	0.1
-304.8	0.1
-316.0	0.1
-328.3	0.1
-340.3	0.2
-350.5	0.2
-359.8	0.1
-369.3	0.2
-378.0	0.2
-387.3	0.2
-396.5	0.2
-406.3	0.2
-417.0	0.4
-430.7	1.0
-446.3	0.3
-455.2	0.2
-463.3	0.2
-471.7	0.3
-480.5	0.4
-489.5	1.2
-498.2	1.3
-505.7	0.5
-512.0	0.3
-516.5	0.2
-519.5	0.2
-520.2	0.2
-520.2	0.2
-520.2	0.2
-520.2	0.2
-520.2	0.2
-520.2	0.2
-520.2	0.2
-520.2	0.2
-520.2	0.2
-520.2	0.2
-520.2	0.2
-520.2	0.3
-520.2	0.3
-520.2	0.4
-520.2	0.4
-520.2	0.4
-520.2	0.4
-520.2	0.4
-520.2	0.5
-520.2	0.5
-520.2	1.0
-520.2	1.2
-520.2	0.6
-520.2	0.6
-520.2	0.6
-520.2	0.6
-520.2	0.5
-520.2	0.6
-520.2	0.7
-520.2	0.8
-520.2	0.7
-520.2	0.6
-520.2	0.4
-520.2	0.4
-520.2	0.4
-520.2	0.4
-520.2	0.4
-520.2	0.3
-520.2	0.3
-520.2	0.3
-520.2	0.3
-520.2	0.4
-520.2	0.3
-520.2	0.2
-520.2	0.2
-520.2	0.2
-520.2	0.2
-520.2	0.2
-520.2	0.2
-520.2	0.2
-520.2	0.2
-520.2	0.2
-520.2	0.2
-520.2	0.2
-520.2	0.2
-520.2	0.2
-520.2	0.2
-520.2	0.3
-520.2	0.2
-520.2	0.2
-520.2	0.2
-520.2	0.2
-520.2	0.2
-520.2	0.3
-520.2	0.2
-520.2	0.3
-520.2	0.3
-520.2	0.3
-520.2	0.3
-520.2	0.3
-520.2	0.2
-520.2	0.3
-520.2	0.3
-520.2	0.3
-520.2	0.3
-520.2	0.3
-520.2	0.3
-520.2	0.3
-520.2	0.3
-520.2	0.3
-520.2	0.3
-520.2	0.3
-520.2	0.3
-520.2	0.3
-520.2	0.3
-520.2	0.3
-520.2	0.3
-520.2	0.3
-520.2	0.3
-520.2	0.3
-520.2	0.3
-520.2	0.3
-520.2	0.3
-520.2	0.3
-520.2	0.3
-520.2	0.3
-520.2	0.3
-520.2	0.3
-520.2	0.3
-520.2	0.3
-520.2	0.3
-520.2	0.3
-520.2	0.3
-520.2	0.3
-520.2	0.3
-520.2	0.3
-520.2	0.3
-520.2	0.3
-520.2	0.3
-520.2	0.3
-520.2	0.3
-520.2	0.3
-520.2	0.3
-520.2	0.3
-520.2	0.3
-520.2	0.4
-520.2	0.4
-520.2	0.4
-520.2	0.4
-520.2	0.4
-520.2	0.4
-520.2	0.4
-520.2	0.4
-520.2	0.4
-520.2	0.4
-520.2	0.5
-520.2	0.5
-520.2	0.5
-520.2	0.5
-520.2	0.5
-520.2	0.5
-520.2	0.6
-520.2	0.6
-520.2	0.6
-520.2	0.6
-520.2	0.7
-520.2	0.7
-520.2	0.8
-520.2	0.8
-520.2	0.8
-520.2	0.8
-520.2	0.9
-520.2	0.9
-520.2	1.0
-520.2	1.0
-520.2	1.1
-520.2	1.1
-520.2	1.2
-520.2	1.2
-520.2	1.3
-520.2	1.3
-520.2	1.5
-520.2	1.7
-520.2	1.9
-520.2	2.4
-520.2	3.2
-520.2	3.8
-520.2	11.1
-520.2	38.1
-520.2	35.6
-520.2	5.4
-520.2	2.0
-520.2	1.4
-520.2	1.3
-520.2	1.2
-520.2	1.2
-520.2	1.1
-520.2	1.1
-520.2	1.0
-520.2	1.0
-520.2	1.0
-520.2	0.9
-520.2	0.9
-520.2	0.9
-520.2	0.8
-520.2	0.8
-520.2	0.7
-520.2	0.7
-520.2	0.6
-520.2	0.6
-520.2	0.6
-520.2	0.6
-520.2	0.5
-520.2	0.5
-520.2	0.5
-520.2	0.5
-520.2	0.5
-520.2	0.5
-520.2	0.5
-520.2	0.4
-520.2	0.4
-520.2	0.4
-520.2	0.4
-520.2	0.4
-520.2	0.4
-520.2	0.4
-520.2	0.4
-520.2	0.3
-520.2	0.3
-520.2	0.3
-520.2	0.3
-520.2	0.3
-520.2	0.3
-520.2	0.3
-520.2	0.3
-520.2	0.3
-520.2	0.3
-520.2	0.2
-520.2	0.2
-520.2	0.2
-520.2	0.2
-520.2	0.2
-520.2	0.2
-520.2	0.2
-520.2	0.2
-520.2	0.2
-520.2	0.2
-520.2	0.2
-520.2	0.2
-520.2	0.2
-520.2	0.2
-520.2	0.2
-520.2	0.2
-520.2	0.2
-520.2	0.2
-520.2	0.2
-520.2	0.2
-520.2	0.2
-520.2	0.2
-520.2	0.2
-520.2	0.2
-520.2	0.2
-520.2	0.2
-520.2	0.2
-520.2	0.2
-520.2	0.2
-520.2	0.2
-520.2	0.2
-520.2	0.2
-520.5	0.2
-525.5	0.2
-541.7	0.2
-555.0	0.2
-567.0	0.2
-575.0	0.2
-585.5	0.2
-591.5	0.2
-598.2	0.2
-614.0	0.2
-627.0	0.2
-644.7	0.2
-666.2	0.3
-684.0	0.3
-706.7	0.4
-727.5	0.6
-746.3	0.4
-753.0	0.4
-755.7	0.4
-761.2	0.4
-766.7	0.4
-773.5	0.4
-784.2	0.4
-793.5	0.4
-799.5	0.6
-809.2	1.0
-816.3	0.8
-822.5	0.5
-823.0	0.4
-823.3	0.4
-826.5	0.4
-834.8	0.4
-836.5	0.4
-836.8	0.4
-840.3	0.3
-852.2	0.5
-862.0	1.5
-870.0	1.4
-880.0	0.4
-896.0	0.2
-917.0	0.2
-932.3	0.2
-941.0	0.2
-952.2	0.2
-968.0	0.2
-986.5	0.2
-1006.5	0.2
-1029.0	0.2
-1051.0	0.4
-1066.8	2.0
-1083.5	0.3
-1096.0	0.2
-1113.3	0.2
-1129.0	1.2
-1144.3	0.5
-1157.5	0.2
-1174.8	0.1
-1200.0	0.1
-1230.5	0.1
-1247.0	0.1
-1258.5	0.1
-1276.0	0.1
-1296.0	0.1
-1319.8	0.1
-1344.5	0.1
-1372.3	0.1
-1394.5	0.1
-1403.5	0.1
-1414.8	0.1
-1424.8	0.1
-1434.8	0.1
-1445.5	0.1
-1453.3	0.1
-1464.0	0.1
-1475.3	0.1
-1481.8	0.1
-1489.2	0.1
-1496.8	0.1
-1506.8	0.1
-1515.5	0.1
-1522.0	0.1
-1530.0	0.1
-1542.8	0.1
-1555.5	0.1
-1575.0	0.1
-1591.5	0.1
-1598.8	0.1
-1604.3	0.1
-1615.3	0.1
-1627.5	0.1
-1640.3	0.1
-1657.3	0.1
-1673.3	0.1
-1686.3	0.1
-1696.0	0.1
-1702.8	0.1
-1711.8	0.1
-1722.3	0.1
-1732.7	0.1
-1743.8	0.1
-1751.3	0.1
-1758.0	0.1
-1768.2	0.1
-1779.3	0.1
-1788.5	0.1
-1793.0	0.1
-1801.5	0.1
-1813.0	0.1
-1823.0	0.1
-1839.0	0.1
-1852.3	0.1
-1861.8	0.1
-1871.5	0.1
-1885.8	0.1
-1898.2	0.1
-1908.0	0.1
-1916.3	0.1
-1922.0	0.1
-1927.5	0.1
-1932.8	0.1
-1938.8	0.1
-1948.0	0.1
-1957.7	0.1
-1965.0	0.1
-1970.0	0.1
-1974.3	0.1
-1979.3	0.1
-1987.5	0.1
-1990.2	0.1
-1993.0	0.1
-1996.8	0.1
-2001.0	0.1
-2007.8	0.1
-2017.2	0.1
-2027.2	0.1
-2038.7	0.1
-2050.0	0.1
-2060.2	0.1
-2070.7	0.1
-2081.0	0.1
-2092.2	0.1
-2100.8	0.1
-2109.3	0.2
-2121.5	0.3
-2133.5	0.2
-2141.0	0.1
-2148.2	0.1
-2161.0	0.1
-2174.7	0.1
-2187.2	0.1
-2197.5	0.1
-2206.2	0.1
-2212.5	0.1
-2223.2	0.1
-2233.2	0.1
-2244.0	0.1
-2253.0	0.1
-2259.7	0.1
-2265.0	0.1
-2273.2	0.1
-2281.5	0.1
-2288.5	0.1
-2294.3	0.1
-2303.0	0.1
-2311.5	0.1
-2316.3	0.1
-2329.7	0.1
-2348.2	0.1
-2357.0	0.0
-2370.2	0.1
-2375.7	0.0
-2381.5	0.1
-2390.2	0.0
-2398.5	0.1
-2404.3	0.1
-2410.7	0.1
-2420.0	0.0
-2431.2	0.0
-2437.8	0.0
-2446.0	0.1
-2449.7	0.0
-2454.5	0.0
-2462.8	0.1
-2469.5	0.1
-2475.2	0.1
-2483.2	0.1
-2490.2	0.1
-2500.3	0.1
-2510.7	0.1
-2518.2	0.0
-2525.7	0.1
-2535.5	0.1
-2545.5	0.0
-2559.5	0.0
-2581.5	0.0
-2602.0	0.0
-2623.8	0.1
-2639.8	0.1
-2650.0	0.1
-2657.3	0.1
-2663.7	0.0
-2675.7	0.0
-2692.7	0.1
-2709.0	0.0
-2723.2	0.0
-2739.3	0.1
-2744.8	0.0
-2750.7	0.0
-2757.7	0.1
-2761.0	0.0
-2765.0	0.1
-2768.7	0.0
-2773.2	0.1
-2783.5	0.0
-2791.3	0.0
-2799.0	0.0
-2807.5	0.0
-2815.2	0.0
-2823.7	0.1
-2836.2	0.0
-2846.2	0.0
-2856.8	0.0
-2867.5	0.0
-2877.5	0.0
-2890.2	0.0
-2906.5	0.0
-2920.2	0.1
-2932.5	0.0
-2942.3	0.0
-2950.8	0.0
-2957.0	0.0
-2969.8	0.0
-2989.7	0.0
-3006.2	0.0
-3016.7	0.0
-3022.5	0.0
-3029.3	0.0
-3039.0	0.0
-3050.5	0.0
-3063.7	0.1
-3077.5	0.1
-3087.0	0.1
-3095.5	0.0
-3102.5	0.0
-3108.5	0.0
-3112.0	0.0
-3114.5	0.1
-3118.3	0.1
-3123.2	0.0
-3127.0	0.0
-3132.2	0.0
-3138.0	0.0
-3142.3	0.0
-3148.2	0.0
-3153.7	0.0
-3157.7	0.0
-3164.5	0.0
-3174.2	0.0
-3186.0	0.0
-3197.5	0.0
-3206.0	0.0
-3211.5	0.1
-3216.3	0.1
-3220.5	0.0
-3224.8	0.0
-3227.7	0.0
-3230.8	0.0
-3233.5	0.0
-3236.2	0.0
-3240.2	0.0
-3245.5	0.0
-3249.2	0.1
-3251.7	0.1
-3252.2	0.0
-3252.2	0.0
-3252.2	0.0
-3252.2	0.0
-3252.2	0.0
-3252.2	0.0
-3252.2	0.0
-3252.2	0.0
-3252.2	0.0
-3252.2	0.0
-3252.2	0.0
-3252.2	0.0
-3252.2	0.0
-3252.2	0.0
-3252.2	0.0
-3252.2	0.0
-3252.2	0.0
-3252.2	0.0
-3252.2	0.0
-3252.2	0.0
-3252.2	0.0
-3252.2	0.0
-3252.2	0.0
-3252.2	0.0
-3252.2	0.0
-3252.2	0.0
-3252.2	0.0
-3252.2	0.0
-3252.2	0.0
-3252.2	0.0
-3252.2	0.0
-3252.2	0.0
-3252.2	0.0
-3252.2	0.0
-3252.2	0.0
-3252.2	0.0
-3252.2	0.0
-3252.2	0.0
-3252.2	0.0
-3252.2	0.0
-3252.2	0.0
-3252.2	0.0
-3252.2	0.0
-3252.2	0.0
-3252.2	0.0
-3252.2	0.0
-3252.2	0.0
-3252.2	0.0
-3252.2	0.0
-3252.2	0.0
-3252.2	0.0
-3252.2	0.0
-3252.2	0.0
-3252.2	0.0
-3252.2	0.0
-3252.2	0.1
-3252.2	0.0
-3252.2	0.0
-3252.2	0.0
-3252.2	0.1
-3252.2	0.1
-3252.2	0.1
-3252.2	0.1
-3252.2	0.1
-3252.2	0.1
-3252.2	0.1
-3252.2	0.1
-3252.2	0.1
-3252.2	0.1
-3252.2	0.1
-3252.2	0.1
-3252.2	0.1
-3252.2	0.1
-3252.2	0.1
-3252.2	0.1
-3252.0	0.1
-3251.7	0.1
-3251.5	0.1
-3251.5	0.1
-3251.7	0.1
-3251.5	0.1
-3251.3	0.1
-3250.2	0.1
-3250.2	0.1
-3251.0	0.1
-3251.5	0.1
-3251.0	0.1
-3251.0	0.1
-3251.0	0.1
-3250.8	0.1
-3250.8	0.1
-3250.5	0.1
-3250.2	0.1
-3250.0	0.1
-3249.8	0.1
-3249.2	0.1
-3249.2	0.1
-3249.0	0.1
-3249.0	0.1
-3249.0	0.1
-3249.0	0.1
-3249.0	0.1
-3249.0	0.1
-3249.0	0.1
-3249.0	0.1
-3248.7	0.1
-3248.7	0.1
-3248.7	0.1
-3248.7	0.1
-3248.7	0.1
-3248.7	0.1
-3248.7	0.1
-3248.7	0.1
-3248.7	0.1
-3248.7	0.1
-3248.7	0.1
-3248.7	0.1
-3248.7	0.1
-3248.7	0.1
-3248.7	0.1
-3248.7	0.1
-3248.7	0.1
-3248.7	0.1
-3248.7	0.1
-3248.7	0.1
-3248.7	0.1
-3248.7	0.1
-3248.7	0.1
-3248.7	0.1
-3248.7	0.1
-3248.7	0.1
-3248.7	0.1
-3248.5	0.1
-3248.5	0.1
-3248.5	0.1
-3248.5	0.1
-3248.5	0.1
-3248.5	0.1
-3248.5	0.1
-3248.5	0.1
-3248.5	0.1
-3248.5	0.1
-3248.5	0.1
-3248.5	0.1
-3248.5	0.1
-3248.5	0.1
-3248.5	0.1
-3248.5	0.1
-3248.5	0.1
-3248.5	0.1
-3248.5	0.1
-3248.5	0.1
-3248.5	0.1
-3248.5	0.1
-3248.5	0.1
-3248.5	0.1
-3248.5	0.1
-3248.5	0.1
-3248.5	0.1
-3248.5	0.1
-3248.5	0.1
-3248.5	0.1
-3248.5	0.1
-3248.5	0.1
-3248.5	0.1
-3248.5	0.1
-3248.5	0.1
-3248.5	0.1
-3248.5	0.1
-3248.5	0.1
-3248.5	0.1
-3248.5	0.1
-3248.5	0.1
-3248.5	0.1
-3248.5	0.1
-3248.5	0.1
-3248.5	0.1
-3248.5	0.1
-3248.5	0.1
-3248.5	0.1
-3248.5	0.1
-3248.5	0.1
-3248.5	0.1
-3248.5	0.1
-3248.5	0.1
-3248.5	0.1
-3248.5	0.1
-3248.5	0.1
-3248.5	0.1
-3248.5	0.1
-3248.5	0.1
